%YAML:1.0
calibration_time: "Di 19 Mai 2015 12:21:52 CEST"
nframes: 10
image_width: 640
image_height: 480
board_width: 9
board_height: 6
square_size: 2.5000000372529030e-02
flags: 0
camera_matrix: !!opencv-matrix
   rows: 3
   cols: 3
   dt: d
   data: [ 9.4779359297057420e+02, 0., 4.6118243694112653e+02, 0.,
       9.2393091222767146e+02, 2.0213243893424092e+01, 0., 0., 1. ]
distortion_coefficients: !!opencv-matrix
   rows: 5
   cols: 1
   dt: d
   data: [ -1.9676482450151838e-02, -5.5922918095236007e-01,
       -4.6747430646011676e-03, 2.6148943413729392e-02,
       8.7463709801429723e-01 ]
avg_reprojection_error: 7.8470477146823479e+00
per_view_reprojection_errors: !!opencv-matrix
   rows: 10
   cols: 1
   dt: f
   data: [ 1.60385532e+01, 4.70129681e+00, 2.54380822e+00,
       1.90791667e+00, 1.16466761e+00, 1.06433034e+00, 9.64636862e-01,
       3.27270555e+00, 2.51787281e+00, 1.74883671e+01 ]
# a set of 6-tuples (rotation vector + translation vector) for each view
extrinsic_parameters: !!opencv-matrix
   rows: 10
   cols: 6
   dt: d
   data: [ -3.5975302335940518e-01, 1.3474366681347849e-01,
       -2.5558345859515258e-01, -1.7160868582083702e-01,
       6.1015155889381174e-02, 4.4818179624806392e-01,
       -2.9184010982032332e-01, -3.1350757865874190e-01,
       2.1589437830395630e-02, -1.6566356475769448e-01,
       2.6689468829198346e-02, 4.7301181213091725e-01,
       -6.9961886959537520e-02, -2.3969642686835452e-01,
       -3.1469825271995444e-01, -1.7378801365360216e-01,
       7.6682511844846271e-02, 4.4511521723933900e-01,
       -2.1768898997414779e-01, -1.3759347749676015e-01,
       4.3302302914287855e-01, -1.3338185764567434e-01,
       2.4679715406349459e-03, 4.2390205336279496e-01,
       -2.5235299111746573e-01, -1.8358399909635240e-01,
       1.2879188275351533e-01, -1.7965935189359478e-01,
       3.6295840288641926e-02, 6.3395672201846676e-01,
       -4.5041239335131461e-01, -9.8218456916915053e-02,
       -7.0649455883498363e-03, -2.0958914223326586e-01,
       9.6598347316313143e-02, 8.6632599494796758e-01,
       -4.1918648390938534e-01, -5.9312428252249111e-02,
       -2.1048091904284780e-02, -1.8576210932523529e-01,
       6.9658984726504530e-02, 6.4908480707051697e-01,
       -5.3194312950282407e-01, -7.9465545094716386e-02,
       -4.0752090882626303e-02, -1.6022709937727170e-01,
       4.8508894081716998e-02, 3.7400228820710457e-01,
       -5.4936304360885224e-01, -8.4222360359093321e-02,
       -7.2147117884274303e-02, -1.6803633009549238e-01,
       5.0814831241256082e-02, 4.3499710344176368e-01,
       -6.7928833711408176e-01, -2.3926313854891251e-01,
       -3.6117991851447029e-01, -1.9889376891583319e-01,
       1.2195395801856551e-01, 5.4495639929793982e-01 ]
image_points: !!opencv-matrix
   rows: 10
   cols: 54
   dt: "2f"
   data: [ 1.30215027e+02, 1.56398361e+02, 1.61065048e+02,
       1.34141556e+02, 1.95755127e+02, 1.10104797e+02, 2.39472992e+02,
       8.71855927e+01, 2.92557556e+02, 6.95210419e+01, 3.49295135e+02,
       6.11107216e+01, 4.03128693e+02, 6.15056190e+01, 4.51585083e+02,
       6.66107178e+01, 4.96441498e+02, 7.28533859e+01, 1.37354050e+02,
       2.03000656e+02, 1.68378540e+02, 1.81981003e+02, 2.03224075e+02,
       1.59477676e+02, 2.47543762e+02, 1.37261871e+02, 3.01776855e+02,
       1.19682281e+02, 3.60100708e+02, 1.09585770e+02, 4.16036407e+02,
       1.07467117e+02, 4.66549347e+02, 1.10268471e+02, 5.13376648e+02,
       1.14428139e+02, 1.44609787e+02, 2.51525513e+02, 1.76376862e+02,
       2.32131836e+02, 2.10652039e+02, 2.10936493e+02, 2.56212524e+02,
       1.90026382e+02, 3.11464111e+02, 1.72406555e+02, 3.71353180e+02,
       1.61180771e+02, 4.29355865e+02, 1.57154480e+02, 4.82342651e+02,
       1.56977844e+02, 5.30903992e+02, 1.59404495e+02, 1.51738327e+02,
       3.02524261e+02, 1.83506805e+02, 2.84656525e+02, 2.19381165e+02,
       2.65522491e+02, 2.65393982e+02, 2.45692566e+02, 3.21876373e+02,
       2.28469055e+02, 3.83529510e+02, 2.15996140e+02, 4.43662048e+02,
       2.09914185e+02, 4.98903259e+02, 2.08110535e+02, 5.50438721e+02,
       2.07457336e+02, 1.56800140e+02, 3.55321930e+02, 1.90508575e+02,
       3.39760132e+02, 2.28294525e+02, 3.22560822e+02, 2.75281769e+02,
       3.04538757e+02, 3.32785736e+02, 2.87474091e+02, 3.96320374e+02,
       2.74327820e+02, 4.58974060e+02, 2.66370880e+02, 5.16334717e+02,
       2.62799042e+02, 5.68835205e+02, 2.61256317e+02, 1.61582977e+02,
       4.11124054e+02, 1.98396469e+02, 3.97633728e+02, 2.37204041e+02,
       3.83003906e+02, 2.86015991e+02, 3.66691040e+02, 3.44765228e+02,
       3.50583710e+02, 4.10300751e+02, 3.36678864e+02, 4.75716949e+02,
       3.27134705e+02, 5.35034546e+02, 3.21846008e+02, 5.89495789e+02,
       3.18142273e+02, 1.40320251e+02, 6.07594376e+01, 1.90572952e+02,
       6.72932510e+01, 2.38648804e+02, 7.37747955e+01, 2.84775513e+02,
       7.99470215e+01, 3.29112762e+02, 8.53775635e+01, 3.72195496e+02,
       8.99187775e+01, 4.16375549e+02, 9.21245193e+01, 4.61867249e+02,
       8.93238220e+01, 5.08139038e+02, 8.15338135e+01, 1.38526520e+02,
       1.10346352e+02, 1.89334473e+02, 1.15968063e+02, 2.37711212e+02,
       1.21380417e+02, 2.84205444e+02, 1.26325691e+02, 3.28588196e+02,
       1.30647751e+02, 3.72494324e+02, 1.34135834e+02, 4.17514252e+02,
       1.34948669e+02, 4.63759033e+02, 1.31714645e+02, 5.10531647e+02,
       1.24055283e+02, 1.36612137e+02, 1.60606094e+02, 1.87721893e+02,
       1.65215912e+02, 2.36542984e+02, 1.69268936e+02, 2.83247803e+02,
       1.73041412e+02, 3.28300690e+02, 1.76346542e+02, 3.72691711e+02,
       1.78744553e+02, 4.18659241e+02, 1.78613388e+02, 4.65508331e+02,
       1.75062149e+02, 5.13463745e+02, 1.68467056e+02, 1.34526443e+02,
       2.11796936e+02, 1.86410278e+02, 2.14636917e+02, 2.35633453e+02,
       2.17457352e+02, 2.82676453e+02, 2.20240799e+02, 3.28001617e+02,
       2.22593521e+02, 3.73474823e+02, 2.24054352e+02, 4.20216919e+02,
       2.23191391e+02, 4.67410553e+02, 2.19786148e+02, 5.15687073e+02,
       2.13676910e+02, 1.32336533e+02, 2.62953033e+02, 1.84384476e+02,
       2.64638397e+02, 2.33892426e+02, 2.66317413e+02, 2.81618317e+02,
       2.67940582e+02, 3.27753296e+02, 2.69369720e+02, 3.74237366e+02,
       2.69897095e+02, 4.21653534e+02, 2.68980103e+02, 4.69301544e+02,
       2.65534576e+02, 5.17595642e+02, 2.59492981e+02, 1.30307098e+02,
       3.14508820e+02, 1.82496796e+02, 3.15089264e+02, 2.32548553e+02,
       3.15585022e+02, 2.81019531e+02, 3.16129089e+02, 3.27977203e+02,
       3.16775665e+02, 3.75262421e+02, 3.16807495e+02, 4.23209839e+02,
       3.15833282e+02, 4.71124786e+02, 3.12694183e+02, 5.20051575e+02,
       3.07869873e+02, 1.07253090e+02, 1.71062454e+02, 1.57807877e+02,
       1.55304962e+02, 2.06930756e+02, 1.39869064e+02, 2.54613281e+02,
       1.24843170e+02, 3.00720673e+02, 1.10306786e+02, 3.45722443e+02,
       9.57772446e+01, 3.90666412e+02, 8.11079025e+01, 4.36132294e+02,
       6.54937515e+01, 4.82674469e+02, 4.81926575e+01, 1.25411339e+02,
       2.20783005e+02, 1.75389221e+02, 2.04305023e+02, 2.23637451e+02,
       1.88382401e+02, 2.70559204e+02, 1.72778183e+02, 3.15902008e+02,
       1.57661453e+02, 3.60751434e+02, 1.42653015e+02, 4.05729218e+02,
       1.27427795e+02, 4.51818176e+02, 1.11142868e+02, 4.98711945e+02,
       9.29930725e+01, 1.43228729e+02, 2.69441528e+02, 1.92335526e+02,
       2.52351501e+02, 2.39695450e+02, 2.35758514e+02, 2.85928802e+02,
       2.19686829e+02, 3.31129150e+02, 2.03984589e+02, 3.75766663e+02,
       1.88637421e+02, 4.21171143e+02, 1.73091629e+02, 4.67429352e+02,
       1.56519226e+02, 5.14792114e+02, 1.38103210e+02, 1.60571777e+02,
       3.17273254e+02, 2.08942871e+02, 2.99573273e+02, 2.55833069e+02,
       2.82606323e+02, 3.01559570e+02, 2.65862732e+02, 3.46191437e+02,
       2.49886444e+02, 3.91142059e+02, 2.34363068e+02, 4.36797607e+02,
       2.18688248e+02, 4.83545654e+02, 2.02115295e+02, 5.31349304e+02,
       1.83844940e+02, 1.77313797e+02, 3.63892242e+02, 2.24997147e+02,
